Saithe 3a46 tuning research indices
102
DATRAS_Q3_3_8 
1992 2017 
1 1  0.5 0.65 
3 8 
1	1.077	2.76	0.516	0.098	0.057	0.05
1	7.965	2.781	1.129	0.197	0.011	0.04
1	1.117	1.615	0.893	0.609	0.091	0.04
1	13.959	2.501	1.559	0.533	0.172	0.049
1	3.825	6.533	1.112	0.971	0.212	0.069
1	3.756	3.351	7.461	0.698	0.534	0.181
1	1.181	4.134	1.351	1.58	0.149	0.179
1	2.086	1.907	3.155	0.619	0.632	0.074
1	3.479	8.836	1.081	0.868	0.114	0.152
1	21.475	6.169	3.936	0.356	0.444	0.113
1	10.748	18.974	1.327	1.09	0.162	0.264
1	19.272	23.802	13.402	0.393	0.439	0.168
1	4.93	6.727	3.237	0.921	0.064	0.085
1	8.916	7.512	4.428	1.914	1.082	0.104
1	10.553	29.579	2.835	1.177	0.445	0.242
1	34.006	5.578	11.7	1.016	0.743	0.358
1	3.312	5.584	0.907	1.997	0.254	0.254
1	1.346	1.703	0.568	0.101	0.229	0.2
1	1.361	0.964	0.471	0.205	0.045	0.166
1	4.52	8.451	1.059	1.114	0.426	0.08
1	11.134	2.497	2.968	0.503	0.483	0.344
1	14.701	16.279	1.83	1.858	0.308	0.146
1	1.649	3.923	2.822	0.481	0.52	0.114
1	11.001	5.613	4.611	1.581	0.289	0.285
1	37.901	17.439	3.255	2.681	0.945	0.195
1	11.447	13.102	3.068	1.267	0.942	0.473
Exploitable_biomass_no_age_info
2000 2017 
1 1  0.1 0.95 
-1 -1
1 2.103705
1 2.356082
1 1.926298
1 1.794273
1 2.274818
1 2.490541
1 2.584417
1 2.147705
1 2.583384
1 2.025669
1 1.887966
1 1.871425
1 1.640826
1 1.799664
1 1.751198
1 1.973286
1 1.725298
1 1.969934
